A2u:0.0282431474
E1u:0.0524475912
E2g:25.7399174379
B2g:37.7500450989
E2u:115.0057591037
E1g:117.0090755679
B1u:169.7747984427
A1g:173.7061554653
E1u:230.8103194422
E2g:230.8471053861
A2u:280.7167909456
B2g:285.8085381024
